-112.982056 25289659
-114.055847 25370892
-115.718636 25409456
-118.019753 25449427
-120.869995 25490972
-123.613983 25570896
-126.155472 25609446
-128.538101 25650964
-131.185715 25689461
-134.096542 25769369
-137.446350 25809464
-141.151138 25849441
-144.136520 25889447
-146.874710 25969377
-149.899231 26050175
-152.635681 26050242
-154.689224 26090963
-156.728302 26170930
-159.126862 26209486
-161.112061 26249463
-162.385330 26289462
-163.711990 26369394
-164.690948 26409492
-165.180420 26449470
-165.189163 26529394
-164.758926 26569493
-164.323746 26611009
-164.031982 26649505
-163.989105 26691012
-163.982864 26770960
-164.069107 26850209
-163.791733 26850277
-163.479736 26929408
-163.346039 26969513
-162.666458 27009501
-162.254700 27051026
-162.108307 27090046
-162.248734 27169434
-162.391708 27209520
-162.100769 27251037
-161.528259 27330976
-160.588745 27369516
-159.618011 27409523
-158.631256 27451044
-157.360641 27489543
-156.242966 27569445
-155.518631 27609541
-155.338333 27649524
-155.235458 27691061
-154.948334 27769749
-153.944931 27809767
-152.677261 27849530
-151.769547 27889531
-150.422348 27969466
-148.606995 28009552
-147.026016 28049539
-144.935806 28091078
-142.249100 28169489
-139.883469 28209558
-137.382446 28251067
-134.099182 28290095
-131.848007 28369498
-129.881241 28409583
-127.731125 28490271
-126.954315 28490338
-126.514824 28569481
-126.170074 28609583
-126.721634 28649574
-126.689575 28691097
-126.637512 28771046
-126.716095 28809577
-127.204689 28851101
-127.894928 28889595
-128.476730 29010289
-129.107285 29010358
-130.020508 29051093
-131.608246 29089606
-133.900406 29210314
-136.847473 29210382
-140.334152 29251111
-143.579132 29289614
-146.085175 29369524
-147.280624 29409628
-147.835037 29449602
-147.657639 29491126
-145.722366 29571085
-142.989349 29609611
-139.766495 29649610
-137.422882 29691141
-135.759888 29769558
-134.058289 29809617
-132.356415 29849619
-130.355423 29891148
-129.696213 29969564
-128.946548 30009628
-128.715454 30049620
-128.558334 30091143
-127.357147 30169576
-124.842941 30209635
-121.573433 30249892
-116.679520 30289900
-112.759361 30369792
-109.288002 30409655
-105.659050 30449639
-101.932922 30491176
-96.923859 30610381
-92.687965 30610447
-87.954002 30651154
-83.904373 30689675
-80.570999 30770176
-76.460152 30809662
-71.434044 30851181
-65.297424 30889674
-59.262344 30969591
-54.117725 31009679
-48.414352 31051191
-42.802292 31089690
-37.928001 31169599
-33.327961 31209687
-29.408575 31251193
-25.702074 31290230
-22.860834 31369609
-20.599909 31409709
-18.137930 31449672
-16.521448 31489674
-16.510269 31569615
-16.889067 31609696
-16.684223 31649679
-17.176826 31691223
-18.898262 31810429
-20.201319 31810497
-20.695871 31851215
-21.386044 31889723
-21.442081 31969632
-21.037571 32009715
-19.856033 32049703
-18.549887 32091233
-17.435501 32169666
-16.547262 32209715
-16.771055 32251236
-16.744465 32289733
-16.358021 32369648
-16.109642 32409738
-15.518247 32449718
-15.163195 32491266
-14.946709 32569684
-15.259050 32609734
-15.519156 32649730
-15.764405 32691260
-15.405454 32769691
-15.799295 32810017
-16.486267 32850014
-16.570198 32889978
-16.708385 32969695
-17.231819 33009770
-17.639128 33049756
-17.672375 33091293
-17.759823 33169705
-17.900410 33209773
-18.084547 33249760
-18.307142 33289766
-18.571495 33369692
-18.581545 33409803
-18.452776 33449769
-18.126812 33489773
-17.401510 33569709
-16.382771 33609797
-15.124969 33649781
-13.511430 33691320
-11.680306 33769725
-9.862413 33809799
-7.871416 33849790
-6.019525 33891326
-4.425436 33969737
-3.137096 34009810
-1.932429 34051320
-0.894552 34089826
0.276335 34169731
1.078421 34209820
1.727046 34251342
2.194369 34289833
2.547030 34369736
2.834357 34409839
3.101748 34449815
3.193685 34489820
3.262255 34569751
3.336982 34609838
3.339154 34651339
3.307916 34689851
3.343341 34769754
3.378350 34809844
3.332798 34851355
3.275307 34889858
3.211159 34969761
3.130172 35009859
2.870040 35051361
2.562669 35129793
2.145116 35169848
1.278464 35211373
-0.462449 35249869
-2.191162 35291378
-3.625415 35370071
-5.368752 35450783
-7.460069 35450867
-11.254948 35529769
-15.455287 35569862
-19.589214 35609858
-23.948219 35649859
-28.749687 35689856
-34.933685 35769798
-42.337181 35809877
-49.111252 35849870
-54.387566 35889860
-58.280048 35969811
-61.686867 36009885
-65.171303 36049881
-68.964592 36089877
-72.391876 36169824
-76.324921 36209902
-80.834656 36251411
-85.050385 36289909
-89.466125 36369830
-93.650551 36409915
-97.170189 36449890
-99.857521 36529827
-101.723396 36569910
-104.287048 36611432
-108.118904 36649929
-111.811607 36691415
-115.092613 36769861
-118.425369 36811425
-121.474411 36849934
-125.425980 36891436
-129.279404 36969866
-134.093872 37009928
-138.663635 37049920
-142.255112 37091449
-146.353546 37169875
-150.158112 37209938
-153.917679 37249928
-157.245468 37291457
-158.955078 37369886
-159.781799 37409953
-160.678360 37450485
-162.811157 37489947
-164.200195 37610684
-164.868607 37610751
-166.336548 37651458
-167.473236 37689969
-168.196396 37769880
-167.781738 37809964
-166.410233 37850209
-165.051880 37890221
-164.207764 37970121
-163.436279 38009971
-161.658646 38051476
-159.164505 38089984
-156.183136 38169900
-152.696930 38209977
-148.529694 38249973
-144.072678 38291490
-139.295151 38369930
-134.387436 38409998
-130.572021 38449980
-127.518669 38491509
-124.412025 38569937
-120.792747 38609993
-117.299454 38649987
-114.578110 38691520
-111.510483 38769945
-108.188622 38810004
-105.324669 38849997
-102.730949 38891517
-99.791962 39051394
-96.050499 39051461
-92.363869 39051497
-88.973549 39091508
-85.464989 39169965
-81.437912 39210027
-76.916161 39290744
-71.934395 39290812
-67.549438 39369941
-64.115273 39410045
-60.804363 39450569
-56.509018 39529978
-51.707100 39570041
-47.071178 39610034
-42.121788 39650030
-36.749912 39691559
-31.216171 39769984
-26.596975 39810050
-23.583879 39850035
-21.296350 39929980
-18.798021 39970051
-15.553778 40010043
-13.102262 40050044
-11.526975 40090048
-8.606600 40169981
-5.363292 40250807
-2.783707 40250875
-1.069165 40291566
1.032543 40370009
3.666441 40410343
6.115780 40491013
7.829516 40491097
10.092749 40569996
12.643101 40610094
15.631717 40650082
19.352627 40690089
22.990692 40810829
26.205881 40810898
27.904354 40851597
29.363989 40890117
30.339586 41010861
31.681917 41010928
32.537224 41051621
33.144718 41090129
33.933292 41170034
34.491814 41210128
34.840843 41250103
35.119881 41290108
35.621529 41370039
36.242798 41410145
36.730053 41450114
37.453709 41490117
37.898621 41570051
38.351208 41650884
39.073742 41650951
39.502758 41691644
39.364925 41770086
38.743317 41810142
38.582859 41850138
38.333851 41890138
38.481728 41970080
38.801319 42010156
39.339523 42050146
40.223667 42130080
41.471813 42170169
42.988773 42210152
44.550503 42250160
46.135349 42290153
48.306782 42370094
50.304100 42410189
52.369473 42450161
53.903999 42491682
54.395767 42610923
54.903896 42610990
55.372177 42651674
55.614674 42690194
56.135929 42770707
57.022606 42810749
57.672874 42850191
57.813210 42890439
58.344055 42970357
59.517670 43010175
61.211025 43051700
62.717258 43090207
63.596546 43170115
64.657158 43210194
65.262100 43250188
65.959694 43291713
66.507729 43370142
67.061615 43410222
67.427040 43450199
68.018860 43491729
68.611008 43570156
69.153641 43610217
70.065361 43650206
71.245392 43691726
72.719414 43770164
74.374458 43810222
76.298218 43850213
78.963028 43891737
82.257935 43970174
85.511108 44010235
88.606346 44050222
92.866333 44091745
96.734589 44170178
99.287216 44210239
101.394531 44250231
104.127052 44291753
107.323318 44370192
110.408112 44410261
113.328117 44450240
115.518150 44491773
117.749115 44570198
120.528122 44610254
123.322624 44650248
126.192055 44691772
128.939896 44770209
132.135864 44810264
135.477295 44850256
138.677673 44891781
141.499176 44970212
144.038391 45010272
146.573059 45050265
148.927185 45130193
151.388702 45170276
153.752213 45211805
155.806305 45250295
157.818542 45291789
160.100342 45370218
163.017807 45410550
165.667236 45450544
167.979935 45490524
170.432434 45570230
173.075714 45610309
175.946198 45651816
178.905411 45690323
181.292755 45770227
183.225601 45810313
184.498154 45850297
185.659576 45890309
186.804306 45970233
187.576599 46010320
188.063400 46050308
188.976471 46090315
190.118454 46170243
190.585678 46210326
190.923050 46251842
191.170349 46290350
191.264359 46370253
191.427582 46410350
191.928833 46450330
191.938858 46491860
191.570526 46570278
191.369217 46610348
191.078323 46691076
190.801849 46691143
190.082504 46770261
189.481079 46810351
189.104874 46931088
188.701096 46931156
188.941727 46971866
188.764236 47010376
187.402435 47050355
185.558853 47091887
183.987701 47170307
182.104095 47210379
179.381042 47291114
176.557510 47291183
173.990524 47370287
171.927704 47410387
170.639099 47450375
169.351440 47491900
168.360535 47570333
168.169174 47610388
168.214706 47691137
169.097733 47691205
169.763809 47770302
168.673309 47810399
167.461166 47851914
167.098434 47890422
166.711243 47970607
165.516449 48051349
165.326187 48051433
164.636230 48090382
162.846512 48170352
159.690994 48210421
156.784286 48250410
155.001022 48290408
154.966690 48411166
155.669922 48411234
154.372894 48450395
151.090637 48571188
147.418716 48571255
143.992508 48610404
140.768021 48650443
138.769562 48690423
136.691254 48770369
133.503021 48810436
129.627670 48850434
126.136330 48890431
123.014107 48970369
120.503998 49011015
118.345734 49051021
116.328293 49091960
114.334534 49170396
112.721245 49210453
111.381889 49291200
108.633644 49291269
104.557297 49370370
100.441498 49451221
97.298264 49451287
94.471077 49490447
91.097778 49570416
87.834770 49610479
85.019035 49650474
82.556664 49690469
80.174210 49770415
77.626724 49810489
75.622215 49850481
74.113029 49890476
72.901138 49970414
71.875504 50010485
70.898567 50052019
69.478226 50090508
67.504410 50170424
65.729774 50210496
63.998169 50250494
62.011192 50290493
59.272415 50370432
57.221889 50410518
55.852737 50450763
54.599720 50490782
53.878407 50570665
53.671146 50610519
53.737221 50650511
54.342751 50692040
55.567207 50770467
55.609001 50810521
53.836441 50850519
51.984489 50890515
50.580978 50970457
49.415546 51010536
48.255215 51052067
46.804256 51090548
44.675140 51170465
41.596920 51210538
37.550854 51250537
34.174232 51290532
30.529535 51411290
26.652119 51411356
22.379997 51450526
17.717508 51490564
13.215271 51570482
8.761644 51610571
4.829898 51652075
2.533075 51690569
0.086945 51811313
-3.645280 51811380
-7.398503 51850542
-10.998109 51890575
-14.079349 51970501
-17.212296 52010580
-20.610453 52052097
-24.041052 52090580
-27.424919 52170508
-30.732227 52210588
-34.042137 52250574
-36.784901 52290571
-38.618774 52370517
-39.876331 52410610
-41.212311 52450584
-42.800850 52490581
-45.245853 52570536
-48.167839 52610595
-51.405071 52691358
-55.041557 52691424
-58.565277 52770519
-61.706833 52810614
-64.775421 52852136
-67.868301 52890622
-71.037262 52970540
-74.160461 53010871
-77.022209 53050890
-80.070793 53091391
-82.964615 53170570
-85.286919 53210649
-86.993103 53250625
-89.093773 53331197
-90.919235 53370641
-91.533623 53410649
-91.194984 53452153
-90.217590 53490655
-88.688911 53570571
-85.945061 53610652
-82.272064 53650644
-76.545868 53692183
-69.859566 53770594
-64.477577 53810657
-60.424202 53852169
-57.493309 53890675
-55.372307 54011412
-53.224026 54011479
-49.574673 54052187
-43.517269 54090681
-37.752666 54170609
-33.948299 54210685
-31.912647 54252205
-30.993622 54330623
-30.259436 54370690
-28.839588 54412210
-26.730349 54450707
-22.918549 54490678
-19.829218 54570626
-18.338642 54610696
-17.056522 54650686
-15.928750 54692207
-13.806705 54770636
-11.093649 54810694
-7.257614 54850694
-3.516911 54890690
0.975387 54970645
6.088373 55010708
10.993251 55050702
15.194951 55090701
18.437143 55211483
20.851624 55211551
22.474810 55250694
22.893459 55290727
21.925373 55370655
20.024132 55412265
17.555595 55450741
14.214778 55490718
11.317144 55570944
7.395403 55610968
3.438874 55651304
-0.036554 55690748
-4.364257 55770668
-8.083377 55810748
-11.942337 55850732
-15.490157 55930684
-18.992157 55970750
-22.705160 56010741
-26.767218 56050762
-31.587046 56090747
-36.026398 56170687
-40.978409 56210764
-45.481766 56250750
-49.928364 56290769
-55.056206 56370696
-59.821095 56410787
-64.114418 56450759
-67.606232 56490764
-71.157295 56570705
-75.056252 56610785
-78.450798 56650770
-81.114632 56690790
-83.649239 56770712
-86.160606 56810787
-88.435310 56850776
-90.322556 56890798
-91.914124 56970723
-93.766685 57010803
-96.175522 57050787
-98.511269 57090792
-101.064186 57170727
-103.604538 57210807
-106.721779 57250792
-109.610016 57291386
-112.780281 57370744
-116.252075 57410830
-119.864082 57450801
-123.750549 57490806
-127.831375 57570758
-131.550949 57610821
-135.350021 57650814
-139.114716 57690816
-143.173050 57770757
-147.188797 57810829
-151.531921 57850817
-156.058472 57890838
-159.881210 57970760
-163.155304 58010836
-165.447052 58051095
-167.455185 58091092
-168.900833 58170990
-169.090378 58210839
-167.785446 58250836
-165.815643 58290830
-163.027115 58370798
-159.942749 58410864
-156.185562 58491630
-151.032654 58491697
-146.031265 58570771
-141.264999 58610852
-137.041672 58650852
-132.772339 58690871
-128.298889 58770802
-123.750702 58810865
-119.062439 58850859
-114.608223 58890872
-109.665176 58970808
-104.887444 59010879
-100.060036 59091636
-95.181290 59091704
-89.679329 59170799
-84.841331 59210876
-80.045044 59291651
-75.523888 59291719
-71.042786 59411645
-67.103539 59411713
-63.233017 59450879
-58.861912 59490902
-54.554691 59654019
-50.856354 59654093
-47.460461 59654129
-44.076752 59690883
-41.161514 59770861
-38.736607 59810918
-36.549526 59850900
-34.570103 59890902
-32.911251 59970877
-31.471720 60011513
-30.317747 60050920
-29.451397 60090910
-28.968359 60170884
-28.876944 60210931
-29.254465 60291688
-29.809788 60291755
-30.467886 60370862
-30.827223 60410959
-31.168436 60450936
-31.669403 60490945
-32.754787 60570895
-34.018280 60611226
-35.688423 60651215
-36.690800 60691174
-37.236832 60770895
-38.345139 60810972
-39.607891 60891484
-41.242916 60930959
-42.970680 60970958
-43.766254 61010962
-43.416622 61050980
-42.094814 61090965
-40.005455 61170917
-38.119720 61210978
-37.615150 61250964
-37.556503 61330914
-37.902554 61370983
-38.413258 61410992
-39.370502 61450978
-40.029263 61490999
-40.103767 61570919
-39.650597 61611001
-39.343903 61650983
-38.367916 61730931
-37.293716 61770997
-36.435165 61810992
-35.453522 61850995
-34.231556 61890996
-32.681122 62011791
-31.442234 62011858
-29.981636 62050992
-28.214394 62091023
-25.997896 62170955
-23.907501 62211022
-21.514660 62251015
-18.984344 62291010
-16.810602 62370969
-14.235786 62411042
-11.960419 62451024
-9.591895 62491020
-6.535432 62570977
-3.369416 62611038
0.023887 62651034
4.448616 62691022
9.887270 62770995
14.562088 62811041
17.170523 62851040
20.016207 62891034
22.945063 62970989
24.782408 63011046
26.578829 63051061
28.820652 63091043
31.323637 63171277
33.124828 63211304
34.847828 63251057
36.794949 63291058
38.424641 63370998
40.134838 63411089
41.912846 63451068
43.729809 63491084
45.289307 63571013
45.826855 63611086
45.657314 63651070
46.384033 63691093
46.772648 63771022
46.447124 63811096
46.667049 63851081
47.340828 63891087
47.864216 63971031
48.540020 64011103
49.236713 64051090
50.136002 64091097
51.995422 64171043
53.917782 64211107
56.044327 64251097
57.813915 64291120
58.974007 64371044
60.569611 64411133
61.466190 64451111
61.658112 64531066
61.301888 64571132
61.179005 64611118
61.445595 64651132
62.092636 64691123
62.715382 64771074
62.963051 64811735
63.176819 64851145
63.569401 64891133
64.253845 64971071
65.020096 65011148
65.581352 65051132
66.248695 65091137
68.032097 65171092
70.136803 65211150
71.745514 65251139
72.761757 65291151
73.788857 65371098
75.434433 65411171
77.062103 65451151
78.068657 65491150
79.221184 65571094
80.858253 65611168
83.159081 65651409
85.590530 65691412
88.330368 65771319
91.417084 65811176
94.599731 65851168
97.980042 65891162
101.849045 65971133
105.531044 66011173
108.370728 66051177
110.784622 66091187
113.353508 66171137
116.309464 66251977
118.971359 66252044
121.387978 66291173
124.012177 66371154
126.234383 66411215
128.402985 66451190
130.821228 66491213
133.507690 66571142
135.983246 66611203
138.598099 66651193
141.287689 66691215
143.844330 66771159
146.214615 66811221
148.150726 66851203
149.659561 66891206
151.234314 66971172
152.595703 67011223
154.056168 67051208
155.537109 67091233
156.790100 67171178
157.843719 67211233
158.740524 67251222
159.720963 67291229
161.084991 67371189
161.927505 67411250
162.458694 67451835
162.841354 67491254
163.577057 67571192
164.089508 67611249
164.428299 67651234
164.836609 67691244
165.146271 67771207
165.700150 67812485
165.736053 67892037
166.279037 67892106
167.507385 67971200
168.329895 68011252
168.845642 68051259
169.698044 68091255
170.190613 68171224
170.014938 68211542
169.605148 68251544
169.237045 68291515
168.612717 68371252
167.466721 68411316
166.110962 68451287
164.951996 68491291
164.499191 68571255
163.188278 68611304
161.064102 68651297
158.917816 68691313
156.673645 68771251
154.783463 68811320
152.777328 68892080
150.326660 68892147
147.633804 68971253
145.132996 69011319
142.694519 69051320
140.013824 69091312
136.950607 69171284
133.635468 69211326
130.389969 69251321
127.151939 69291338
123.771233 69371284
120.169876 69412881
116.633385 69451346
112.668900 69491325
108.498497 69571304
104.651436 69611343
101.143867 69651342
98.244331 69691333
95.380684 69771314
92.275459 69811355
89.395462 69851350
87.105972 69891345
85.103043 69971322
83.185074 70011361
80.981743 70092149
78.754570 70092217
76.817902 70171294
75.035873 70211366
73.291817 70251363
71.586411 70291385
69.887329 70371329
68.157715 70411393
66.591148 70451367
65.687210 70491399
65.196747 70571326
64.673500 70611394
64.212799 70651382
63.493473 70691382
61.992645 70771585
60.467175 70811619
58.720009 70851370
56.898441 70891398
55.045067 70971339
52.953568 71011398
50.537674 71051403
47.575386 71091394
44.939377 71171357
42.867836 71211407
41.061420 71251397
39.388981 71291413
37.741184 71371360
36.010220 71411426
34.248043 71451417
32.567974 71491409
31.059536 71571377
29.352596 71611423
28.486586 71651411
27.472004 71691433
25.345606 71771373
23.255318 71811430
22.060034 71851438
20.806883 71891424
19.666470 71971399
18.506845 72011445
17.636452 72051431
17.315924 72091448
17.066631 72171398
16.798792 72211449
16.261530 72251453
15.955735 72291446
15.636415 72371407
14.832383 72411469
13.300847 72451462
11.052057 72491447
8.932020 72571423
6.736744 72611467
4.599498 72651457
2.407441 72691477
-0.125082 72771415
-2.781138 72811470
-5.520210 72851477
-7.913807 72891472
-10.181296 72971434
-12.413107 73011481
-14.704158 73051489
-17.008152 73091478
-19.256815 73171443
-21.489145 73211489
-23.647209 73251756
-25.757286 73291753
-27.651476 73371651
-29.341768 73411515
-30.841831 73451492
-32.104534 73491482
-33.308739 73571465
-34.421310 73611499
-35.102680 73651510
-35.714268 73691497
-36.125267 73771483
-36.297741 73811513
-36.270489 73851507
-35.804131 73891514
-35.199654 73971494
-34.539734 74011524
-33.740063 74051533
-32.449902 74091524
-30.340822 74171497
-27.744892 74211525
-24.907000 74251528
-21.761560 74291533
-18.259167 74371512
-14.826948 74411541
-11.214764 74451548
-8.052810 74491531
-4.713640 74571514
-1.043370 74611551
2.517357 74651557
5.961386 74691550
9.421629 74771541
12.904203 74811561
16.693701 74851564
20.156839 74891558
23.685259 74971550
27.523090 75011571
31.359795 75051573
35.231705 75091567
39.763748 75171556
44.569611 75211573
48.965981 75251585
53.625835 75291571
58.550362 75371553
63.517109 75411589
69.013916 75451606
74.036392 75491570
78.423965 75571565
81.851540 75611594
84.421692 75692402
87.232925 75692470
90.326622 75771541
93.259109 75811864
96.423347 75851866
99.927628 75891833
103.141724 75971583
106.058617 76011615
109.203415 76051600
112.659157 76091634
116.065163 76171593
119.764542 76211625
123.715843 76251613
127.845955 76291643
131.769958 76371589
135.703964 76411642
139.044479 76451630
141.715805 76491644
144.191162 76571595
146.448029 76611641
147.729965 76651631
149.339523 76691647
150.443832 76771619
151.016342 76811653
152.194809 76851666
152.916794 76891653
154.148163 76971631
155.870026 77011661
158.175125 77051670
160.490204 77091659
162.442062 77171634
164.385178 77211680
166.642090 77251669
168.591431 77291668
170.709930 77371645
173.091461 77411679
175.082047 77451671
175.990814 77491689
176.343414 77571646
176.862549 77611694
176.942352 77651685
176.877823 77691686
176.612183 77771661
175.363739 77811701
173.688599 77851709
171.772034 77891696
170.267609 77971666
168.558945 78011701
166.772202 78051704
164.376053 78131667
160.162613 78171709
155.844925 78252504
151.591949 78252571
146.165924 78291689
139.211288 78371918
132.146652 78452724
125.204300 78452808
118.465691 78491687
111.280342 78612530
103.340210 78612597
95.648628 78692521
87.523895 78692589
79.834076 78771688
74.558105 78811723
71.681076 78851754
69.571030 78891729
66.447609 78971723
62.285065 79011738
56.578754 79051749
50.122295 79091735
44.338543 79171734
40.226398 79211741
35.745060 79251759
30.529566 79291746
25.025475 79371744
20.070152 79411754
16.189247 79451749
11.376898 79491767
5.084662 79571740
-0.129853 79611774
-3.920374 79651770
-6.635698 79691772
-9.334441 79771756
-11.404486 79811769
-13.294336 79851777
-14.238494 79891783
-14.341320 79971755
-13.922247 80011776
-12.453175 80051783
-10.145291 80091788
-7.643983 80171769
-4.331332 80211787
0.215387 80292610
5.686041 80292677
10.386432 80371747
13.881486 80411803
17.635302 80451805
20.676294 80491804
23.716398 80571795
27.215118 80611805
31.282694 80651821
35.627926 80691809
39.741238 80771803
42.913235 80812450
45.113224 80852081
47.422153 80892067
49.601982 80971983
51.026493 81012463
52.317360 81051833
54.482391 81091819
56.747997 81171817
59.420425 81211839
62.048428 81251837
64.064499 81291855
65.673088 81371817
66.628502 81411847
67.063873 81451861
67.928810 81491834
69.076996 81571825
70.253746 81611851
71.602509 81651853
73.656219 81691855
76.802498 81771838
79.239372 81811866
81.972404 81851864
84.425003 81891864
86.473480 81971858
88.191757 82011877
88.794350 82051875
89.908623 82091871
91.478462 82171859
92.601791 82211891
93.419327 82251880
93.912613 82291881
93.913521 82371866
93.547531 82411887
93.016296 82451892
92.343925 82491875
91.367638 82571874
90.214561 82611899
88.383263 82651897
85.954399 82691897
83.065796 82771886
79.471191 82811916
76.018898 82851907
72.242699 82891905
68.433578 82971900
65.206825 83011915
62.386826 83051914
60.043884 83091911
58.370209 83171895
56.608768 83211918
55.237869 83251924
53.468784 83291929
51.421986 83371916
48.606110 83412175
44.405025 83492943
40.834408 83493026
36.940132 83571894
32.906815 83611952
28.599804 83651960
23.655409 83691945
18.085529 83771940
13.055414 83811955
8.068542 83851954
2.145823 83891967
-4.654623 83971946
-11.016694 84011959
-15.494143 84051974
-20.227791 84091985
-24.828753 84171953
-29.002083 84211969
-33.489285 84251980
-36.651871 84291992
-38.725006 84371957
-41.100033 84411981
-44.985634 84492819
-49.329781 84492888
-53.201183 84571950
-57.367596 84611998
-61.814857 84651997
-65.646172 84692007
-69.623329 84771983
-73.169106 84812009
-76.725662 84852010
-80.257072 84892629
-83.372704 84971990
-85.999512 85012017
-88.158607 85052018
-90.559196 85092022
-93.310989 85171998
-95.964676 85212017
-98.996101 85252025
-102.105461 85292028
-105.233421 85372004
-108.614861 85412020
-112.319939 85452045
-116.707512 85492026
-121.649765 85572023
-126.521973 85612034
-130.679001 85652039
-134.426147 85732006
-137.975494 85772051
-141.504440 85812047
-144.939178 85852068
-148.036972 85892257
-151.107773 85972225
-154.499496 86012041
-158.251312 86052037
-161.856308 86092060
-164.554840 86172037
-166.863434 86212056
-168.967087 86252052
-170.084442 86292058
-170.177170 86372042
-169.866776 86412063
-169.707687 86452068
-169.543579 86492076
-168.727051 86612899
-167.603546 86612966
-166.282471 86652057
-164.444016 86692084
-162.453995 86772063
-160.072830 86812085
-157.099960 86852089
-152.672180 86892097
-147.431000 86972076
-143.016663 87012100
-139.590515 87052097
-136.476212 87092104
-132.945786 87172085
-129.745071 87212104
-126.289787 87252103
-122.499725 87292114
-118.196342 87372097
-114.673462 87412101
-112.022491 87452114
-109.820770 87492115
-107.869789 87572099
-106.414970 87612128
-104.874565 87652121
-103.367783 87732111
-101.339828 87772132
-99.560890 87812127
-98.707237 87852140
-98.636993 87892129
-98.372292 87972112
-97.716080 88052945
-96.944191 88053013
-95.913834 88092103
-94.579498 88172116
-92.838715 88212149
-91.000763 88252152
-88.614998 88292160
-85.306152 88372132
-83.204712 88412380
-81.406342 88452378
-79.974937 88492359
-78.598351 88572146
-77.402649 88612179
-76.468353 88652172
-75.184944 88692191
-73.528854 88772151
-72.152992 88812183
-70.910179 88852182
-69.786308 88892194
-68.754898 88972143
-66.848816 89012822
-65.480629 89052192
-62.272915 89132178
-57.261078 89172188
-53.187241 89253014
-49.504986 89253081
-46.811024 89292182
-43.673153 89372174
-39.700272 89453031
-35.007885 89453099
-30.112585 89492191
-26.465647 89572179
-24.328346 89612227
-22.407784 89652200
-20.533779 89692233
-18.553268 89772186
-16.006641 89812228
-13.040842 89852209
-9.679414 89892240
-6.385916 89972196
-4.471301 90012239
-3.417835 90133046
-3.354582 90133112
-3.424251 90172219
-3.449144 90212235
-2.797833 90293077
-2.114986 90293145
-1.452860 90413037
-0.968233 90413106
-0.843522 90452235
-0.697845 90492251
-0.623405 90572254
-0.241200 90612269
-0.295565 90652274
-1.285061 90692258
-2.806710 90772250
-4.636168 90812263
-7.224766 90852282
-9.071143 90892272
-11.128854 90972472
-13.165972 91012470
-14.115855 91052281
-13.967698 91092283
-13.468131 91172265
-12.678150 91212293
-11.074337 91252288
-9.108836 91292289
-7.167306 91372274
-5.032511 91412294
-2.247125 91452929
-0.135484 91492298
3.179736 91572282
6.898757 91612299
8.125284 91652307
8.123918 91692307
8.657862 91772288
10.749393 91812309
11.987276 91852312
12.839336 91892326
13.968245 91972291
14.633941 92012316
14.363609 92052313
14.009068 92092330
14.316130 92172305
15.347500 92212332
17.265131 92252964
19.297016 92292324
21.755011 92372312
23.676971 92412337
24.205147 92452355
24.736519 92492345
26.277493 92572329
28.484957 92612979
30.444195 92652339
31.461561 92692347
31.404343 92772329
31.514017 92812353
33.996113 92852351
36.680065 92892361
39.096642 92972338
41.094959 93012363
42.547153 93052372
44.710251 93092380
46.699078 93172359
47.453346 93212378
47.774319 93252369
48.176659 93292372
49.133224 93372350
50.946781 93412370
52.598202 93452590
53.372356 93492578
54.194420 93572558
55.265884 93612398
56.658798 93652394
58.218464 93692386
59.145973 93772385
59.485565 93813028
60.014450 93852403
60.556152 93892394
60.927498 93973008
61.343864 94012405
61.625252 94052409
61.222500 94092402
60.520321 94172398
58.915779 94212416
57.477234 94252431
56.817982 94292414
55.988518 94372404
55.040730 94412418
55.081272 94452435
56.306076 94492421
57.667248 94572415
59.469418 94612427
62.165474 94652436
65.688782 94692443
69.846260 94772429
73.969490 94812444
77.367203 94852459
80.644859 94892445
83.693634 94972443
86.814415 95012456
89.068115 95052466
90.713806 95092458
92.949646 95172448
95.118317 95212464
97.284546 95252467
99.525299 95292460
102.034218 95372461
104.870995 95412468
107.647797 95452490
109.837158 95492467
111.981201 95572453
114.587204 95612472
117.465508 95652476
120.193542 95692483
123.050125 95772476
126.301788 95812479
129.163269 95852483
131.627075 95892485
133.734100 95972476
134.779266 96012696
135.120041 96052700
135.766769 96092692
137.436584 96172492
138.887894 96212505
139.716263 96252505
140.278519 96292524
141.749146 96372491
143.135345 96412505
145.259445 96452522
147.840698 96492517
150.473297 96572498
152.623184 96612535
154.179398 96652532
155.552521 96692535
157.014816 96772518
158.676376 96812545
160.209473 96893351
161.562729 96893419
162.915970 96972503
164.113892 97012545
165.898026 97052556
168.069305 97092561
169.387100 97172538
170.715714 97212548
171.639465 97252552
171.821716 97292551
171.595352 97413386
171.678635 97413454
172.128479 97452543
172.791702 97492558
173.222137 97572546
173.327728 97612576
173.015778 97652571
172.764557 97692587
172.088715 97772557
171.465637 97812586
171.227829 97852579
169.458664 97932566
167.006210 97972588
165.692856 98012590
165.528473 98052597
164.644501 98092591
163.299622 98172574
162.448944 98212599
162.291489 98252606
162.615265 98292616
163.157028 98372586
163.548538 98412607
163.557373 98452618
164.157501 98492607
165.743362 98572800
165.736359 98653611
163.500458 98653693
161.936462 98692593
160.783325 98772597
159.108673 98812621
157.140808 98852628
154.784409 98892640
151.878021 99013427
149.202728 99013495
146.941330 99052612
145.091736 99132623
143.294724 99172649
141.891434 99212640
140.559235 99252658
139.477509 99292645
138.033997 99372636
135.734894 99412644
133.714661 99452661
133.066727 99492659
131.922394 99572651
130.341629 99612668
129.229996 99652661
129.019485 99692660
128.604507 99772655
127.868408 99812670
127.413750 99852669
127.308548 99892669
127.008965 99972662
126.516212 100053499
126.181839 100053566
125.782944 100092648
124.854164 100213508
123.207855 100213575
121.914818 100252654
120.193275 100292691
118.766167 100413522
117.154099 100413590
115.606766 100453300
113.214340 100492703
110.373474 100613547
107.651871 100613615
104.940544 100652682
101.876740 100692714
99.731583 100772699
98.215897 100813343
96.657768 100852719
94.243759 100892725
91.194389 100972701
88.387024 101012734
86.531914 101052949
84.938568 101092949
82.749168 101172900
80.189796 101253553
77.825729 101253619
76.008591 101292711
74.411575 101372710
72.955528 101412749
71.444008 101452743
69.914146 101492743
67.905159 101572721
66.245361 101612758
65.816696 101652756
66.889488 101692768
67.368950 101772727
67.225861 101813394
67.344383 101852763
67.661903 101892778
67.085121 101972735
65.949196 102012768
64.906921 102052763
64.310028 102092777
64.035385 102172760
63.977890 102212788
63.953785 102252780
63.767559 102292793
62.873974 102372748
61.173622 102412784
59.469852 102452783
57.820099 102492796
55.464760 102613603
52.333710 102613672
49.661983 102652767
47.511951 102692788
44.941830 102772788
42.343300 102812799
40.298943 102852806
39.240421 102892808
38.692699 102972804
38.738804 103013432
40.043617 103052817
41.249779 103092828
42.150005 103172811
43.256485 103212828
43.639374 103252827
43.365509 103292824
42.184673 103372820
41.752865 103412825
42.360317 103452838
42.065586 103492819
40.288776 103572830
38.564404 103613671
37.754478 103653050
38.072639 103693029
38.942638 103772836
39.199886 103812862
38.674767 103852855
37.901764 103892859
37.603836 103972844
37.337749 104012865
35.799030 104052859
34.767178 104092867
33.060726 104172848
29.505127 104212879
26.870831 104252875
25.862823 104292870
24.565153 104373485
22.861435 104412885
21.711353 104452895
21.205097 104492877
21.694012 104572866
22.442598 104612893
22.646191 104652887
22.178886 104692886
21.976898 104772884
22.147982 104812908
22.965746 104852895
23.761017 104892896
23.504410 104972878
21.700514 105012899
19.472780 105052903
17.553991 105093542
15.841758 105213732
12.313615 105213801
6.916181 105252909
1.559498 105293542
-2.933798 105372920
-7.127000 105412927
-11.772851 105452947
-17.254747 105492915
-22.721592 105572916
-28.222649 105612940
-33.428543 105652944
-38.959435 105692940
-45.049320 105772932
-50.812641 105812950
-55.307144 105852945
-58.570717 105892939
-61.339199 106013768
-63.973827 106013836
-66.643517 106052926
-69.066811 106092949
-71.142624 106173143
-73.634422 106213154
